00100000000100010000000000001100
00100000000100100000000000000100
00100000000100110000000000000000
00100000000101000000000000000000
00100010010100111111111111111111
00000000000100100100000010000000
00000010000010000100000000100000
10001101000101000000000000000000
00100010011010000000000000000001
00000000000010000100000010000000
00000000000100110100100010000000
00000010000010010100100000100000
10001101001010100000000000000000
00000001000100000100100000100000
10101101001010100000000000000000
00100010011100111111111111111111
00100010011010000000000000000001
00000000000010000100000010000000
00000010000010000100000000100000
10101101000101000000000000000000